 4.00000000000000E+0001
 2.50000000000000E+0002
3
 1.70000000000000E+0002
 0.00000000000000E+0000
155
1
 1.00000000000000E+0000
 1.72000000000000E+0002
 1.71000000000000E+0002
1
31
 1.00000000000000E+0000
 2.03000000000000E+0002
 2.02000000000000E+0002
1
30
 1.00000000000000E+0000
3
 1.00000000000000E+0001
 0.00000000000000E+0000
15
1
 5.00000000000000E-0001
 1.10000000000000E+0001
 1.05000000000000E+0001
1
36
 5.00000000000000E-0001
 2.95000000000000E+0001
 2.90000000000000E+0001
1
16
 5.00000000000000E-0001
2
0
0
0
0
6
5 1
-1.00000000 41.00000000
0.10000000 39.50000000
146.00000000 38.00000000
251.00000000 38.00000000
251.00000000 41.00000000
TObstacleDef
Obstacle 1
6 1
182.50000000 14.00000000
184.50000000 14.00000000
184.50000000 17.00000000
194.00000000 17.00000000
194.00000000 34.00000000
182.50000000 34.00000000
TObstacleDef
Obstacle 2
4 1
154.00000000 38.00000000
172.00000000 34.00000000
204.00000000 34.00000000
222.00000000 38.00000000
TPorousMediumDef
Porous media 1
Porous media 1
 2.00000000000000E+0002
 7.00000000000000E-0001
 3.40000000000000E-0001
 3.00000000000000E-0001
 0.00000000000000E+0000
 3.50000000000000E-0001
6 1
146.00000000 38.00000000
172.00000000 31.00000000
182.50000000 31.00000000
182.50000000 34.00000000
172.00000000 34.00000000
154.00000000 38.00000000
TPorousMediumDef
Porous media 2
Porous media 2
 2.00000000000000E+0002
 1.00000000000000E+0000
 3.40000000000000E-0001
 2.50000000000000E+0000
 0.00000000000000E+0000
 4.50000000000000E-0001
6 1
194.00000000 31.00000000
204.00000000 31.00000000
230.00000000 38.00000000
222.00000000 38.00000000
204.00000000 34.00000000
194.00000000 34.00000000
TPorousMediumDef
Porous media 3
Porous media 3
 2.00000000000000E+0002
 1.00000000000000E+0000
 3.40000000000000E-0001
 2.50000000000000E+0000
 0.00000000000000E+0000
 4.50000000000000E-0001
4 1
-1.00000000 20.00000000
251.00000000 20.00000000
251.00000000 41.00000000
-1.00000000 41.00000000
TWaterDef
Water 1
 0.00000000000000E+0000
