 4.40000000000000E+0001
 3.20000000000000E+0002
3
 2.29000000000000E+0002
 0.00000000000000E+0000
190
1
 1.00000000000000E+0000
 2.31000000000000E+0002
 2.30000000000000E+0002
1
50
 1.00000000000000E+0000
 2.81000000000000E+0002
 2.80000000000000E+0002
1
30
 1.00000000000000E+0000
3
 8.50000000000000E+0000
 0.00000000000000E+0000
14
1
 5.00000000000000E-0001
 9.50000000000000E+0000
 9.00000000000000E+0000
1
50
 5.00000000000000E-0001
 3.45000000000000E+0001
 3.40000000000000E+0001
1
15
 5.00000000000000E-0001
2
0
0
0
0
9
5 1
-1.00000000 44.23600000
0.36295546 43.80943694
210.75870000 40.00000000
321.00000000 40.00000000
321.00000000 45.21600000
TObstacleDef
Bathymetry
4 1
231.33060000 40.00000000
262.33060000 24.50000000
273.82060000 24.50000000
297.07060000 40.00000000
TPorousMediumDef
Core
Core
 2.00000000000000E+0002
 8.00000000000000E-0001
 3.40000000000000E-0001
 3.00000000000000E-0001
 0.00000000000000E+0000
 2.00000000000000E-0001
6 1
262.33060000 24.50000000
262.33060000 16.00000000
266.08060000 16.00000000
266.08060000 21.80000000
274.42060000 21.80000000
274.42060000 24.50000000
TObstacleDef
Crown Wall
4 1
227.75290000 40.00000000
231.33060000 40.00000000
262.33060000 24.50000000
262.33060000 22.71110000
TPorousMediumDef
Underlayer2
Underlayer2
 2.00000000000000E+0002
 1.00000000000000E+0000
 3.40000000000000E-0001
 6.10000000000000E-0001
 0.00000000000000E+0000
 3.00000000000000E-0001
5 1
261.22510000 20.35700000
262.33060000 20.35700000
262.33060000 22.71110000
227.75290000 40.00000000
221.93910000 40.00000000
TPorousMediumDef
Underlayer1
Underlayer1
 2.00000000000000E+0002
 1.10000000000000E+0000
 3.40000000000000E-0001
 1.37000000000000E+0000
 0.00000000000000E+0000
 3.50000000000000E-0001
6 1
261.22510000 20.35700000
262.33060000 20.35700000
262.33060000 17.20000000
254.12270000 17.20000000
208.42950000 40.04660000
221.93910000 40.00000000
TPorousMediumDef
Armorlayer
Armorlayer
 2.00000000000000E+0002
 1.10000000000000E+0000
 3.40000000000000E-0001
 3.00000000000000E+0000
 0.00000000000000E+0000
 4.00000000000000E-0001
4 1
297.07060000 40.00000000
273.82060000 24.50000000
274.42060000 24.50000000
297.67060000 40.00000000
TPorousMediumDef
Leewardlayer2
Leewardlayer2
 2.00000000000000E+0002
 1.00000000000000E+0000
 3.40000000000000E-0001
 4.00000000000000E-0001
 0.00000000000000E+0000
 2.50000000000000E-0001
4 1
297.67060000 40.00000000
274.42060000 24.50000000
274.42060000 22.94700000
300.00000000 40.00000000
TPorousMediumDef
Leewardlayer1
Leewardlayer1
 2.00000000000000E+0002
 1.00000000000000E+0000
 3.40000000000000E-0001
 6.00000000000000E-0001
 0.00000000000000E+0000
 3.00000000000000E-0001
4 1
-1.00000000 45.21600000
321.00000000 45.21600000
321.00000000 24.70000000
-1.00000000 24.70000000
TWaterDef
Water
 0.00000000000000E+0000
