 5.00000000000000E-0001
 9.50000000000000E+0000
3
 3.97500000000000E+0000
 0.00000000000000E+0000
110
1
 2.50000000000000E-0002
 4.02500000000000E+0000
 4.00000000000000E+0000
1
160
 2.50000000000000E-0002
 8.02500000000000E+0000
 8.00000000000000E+0000
1
40
 2.50000000000000E-0002
1
 5.00000000000000E-0003
 0.00000000000000E+0000
1
99
 5.00000000000000E-0003
2
0
0
0
0
2
3 1
-0.10000000 0.50500000
9.60000000 0.01640000
9.60000000 0.60000000
TObstacleDef
Obstacle 1
4 1
-0.10000000 0.60000000
-0.10000000 0.25000000
10.60000000 0.25000000
10.60000000 0.60000000
TWaterDef
Water 1
 0.00000000000000E+0000
